116,54 7 118,54
33,3 1 32,1
186,4 1 185,7
254,7 1 253,104
21,54 1 20,54
119,4 1 117,52
12,1 1 11,54
90,54 1 89,62
178,62 1 177,4
92,3 1 91,4
193,54 1 192,54
247,4 1 246,7
68,54 4 56,54
96,54 7 101,54
67,8 1 62,59
225,60 1 218,4
179,54 2 180,52
39,4 1 34,54
95,54 2 98,62
72,54 1 68,54
106,62 1 105,4
148,54 1 145,54
137,57 2 138,54
52,1 1 47,57
117,52 2 118,54
179,54 1 175,54
257,60 1 229,2
252,105 1 251,4
148,54 1 146,52
229,2 1 228,1
170,8 1 160,3
95,54 7 107,54
216,4 1 215,48
105,4 1 104,48
114,4 1 112,52
134,54 2 135,62
25,2 2 127,279
222,4 1 221,48
61,4 1 58,54
27,57 1 26,54
141,100 2 198,60
16,57 2 17,54
43,4 1 41,54
47,57 1 46,54
96,54 7 107,54
56,54 4 36,54
99,54 7 102,54
78,4 1 75,54
114,4 1 111,54
246,7 1 241,54
28,54 2 31,3
209,57 2 210,54
84,57 2 85,54
103,52 2 104,48
180,52 2 181,48
1,36 2 260,108
170,8 1 165,59
161,54 2 162,52
23,3 1 22,4
33,3 2 40,59
179,54 1 178,62
183,105 1 182,4
158,3 1 157,4
9,54 1 8,62
139,1 1 137,57
32,1 1 31,3
58,54 4 34,54
17,54 2 23,3
206,54 2 207,62
231,54 5 210,54
62,59 2 66,9
201,314 2 203,57
88,4 1 87,54
212,4 2 214,4
50,4 1 49,48
140,101 1 139,1
225,60 1 216,4
241,54 2 245,104
89,62 1 88,4
121,60 1 120,5
10,57 2 11,54
182,4 1 179,54
159,1 1 155,54
101,54 2 106,62
43,4 1 42,52
99,54 7 101,54
72,54 1 71,62
36,54 4 118,54
258,12 1 201,314
144,54 2 150,3
72,54 2 73,52
12,1 1 10,57
32,1 1 27,57
86,54 5 11,54
203,57 1 202,54
58,54 5 28,54
32,1 1 28,54
39,4 1 38,48
175,54 2 178,62
225,60 1 222,4
94,2 2 109,5
132,57 1 131,54
171,54 2 172,52
235,7 1 230,54
3,314 2 5,57
91,4 1 90,54
122,67 1 121,60
36,54 5 17,54
34,54 4 18,54
74,54 5 11,54
160,3 2 165,59
175,54 4 145,54
150,3 1 149,4
1,36 1 0,54
78,4 1 77,48
260,108 1 2,54
67,8 1 53,3
123,280 1 82,59
157,4 1 156,48
174,54 1 171,54
61,4 1 56,54
188,60 1 187,5
67,8 1 66,9
45,8 1 33,3
59,52 2 60,48
162,52 2 163,54
199,12 1 198,60
24,1 1 17,54
90,54 1 86,54
129,12 1 6,54
241,54 1 239,52
34,54 5 28,54
177,4 1 176,54
244,105 1 243,4
259,60 1 129,12
137,57 1 136,54
248,5 2 256,5
95,54 7 101,54
259,60 1 199,12
200,314 2 201,314
241,54 1 238,54
170,8 1 169,9
105,4 1 103,52
93,1 1 92,3
125,279 1 124,60
108,4 1 100,52
34,54 2 35,52
99,54 1 98,62
61,4 1 57,52
24,1 1 16,57
204,54 2 205,100
196,4 1 195,7
40,59 1 39,4
256,5 1 255,4
85,54 2 92,3
129,12 2 199,12
184,104 1 183,105
248,5 1 247,4
165,59 2 169,9
13,101 1 12,1
39,4 1 36,54
109,5 1 108,4
48,54 2 51,3
165,59 1 164,4
68,54 5 11,54
63,54 2 64,52
225,60 1 214,4
225,60 1 224,4
136,54 1 134,54
21,54 1 18,54
39,4 1 37,52
111,54 2 112,52
53,3 2 62,59
55,52 2 56,54
51,3 1 50,4
5,57 1 4,54
108,4 1 99,54
81,4 1 72,54
102,54 2 103,52
86,54 2 89,62
258,12 1 200,314
84,57 1 83,54
125,279 1 67,8
175,54 5 138,54
116,54 2 117,52
195,7 1 194,104
193,54 2 194,104
224,4 1 223,48
61,4 1 54,54
132,57 2 133,54
82,59 2 122,67
218,4 1 217,48
99,54 2 100,52
54,54 4 58,54
10,57 1 9,54
71,62 1 70,4
249,54 2 253,104
163,54 4 161,54
208,54 1 206,54
35,52 2 36,54
53,3 1 52,1
100,52 2 107,54
258,12 1 204,54
81,4 1 73,52
261,0 1 1,36
258,12 1 257,60
220,4 2 222,4
115,62 1 114,4
145,54 4 163,54
80,54 1 79,62
37,52 2 38,48
129,12 1 3,314
75,54 2 76,52
56,54 5 17,54
238,54 2 239,52
99,54 7 107,54
119,4 1 118,54
56,54 2 57,52
154,57 1 153,54
61,4 1 60,48
136,54 1 135,62
216,4 2 218,4
79,62 1 78,4
199,12 1 133,54
237,5 1 236,4
164,4 1 163,54
159,1 1 158,3
214,4 2 216,4
14,100 2 128,60
18,54 4 86,54
155,54 2 158,3
198,60 1 152,2
141,100 1 140,101
214,4 1 213,48
189,279 1 188,60
258,12 1 203,57
121,60 1 94,2
47,57 2 48,54
225,60 1 212,4
199,12 1 141,100
208,54 1 207,62
52,1 1 48,54
235,7 1 234,104
99,54 1 95,54
130,314 2 132,57
154,57 2 155,54
176,54 4 175,54
9,54 1 7,54
78,4 1 76,52
218,4 2 220,4
74,54 4 68,54
62,59 1 61,4
18,54 5 11,54
61,4 1 55,52
57,52 2 58,54
193,54 1 191,52
145,54 2 146,52
107,54 1 106,62
169,9 1 168,4
98,62 1 97,4
129,12 1 5,57
148,54 1 147,54
22,4 1 21,54
203,57 2 204,54
18,54 2 19,52
237,5 2 248,5
151,1 1 150,3
159,1 1 154,57
225,60 1 220,4
182,4 1 180,52
114,4 1 113,48
174,54 1 172,52
246,7 1 245,104
14,100 1 13,101
199,12 1 130,314
222,4 2 224,4
73,52 2 80,54
25,2 1 24,1
152,2 2 189,279
168,4 1 166,52
19,52 2 20,54
232,4 1 231,54
190,54 2 191,52
168,4 1 167,54
220,4 1 219,48
149,4 1 148,54
230,54 2 234,104
94,2 1 93,1
259,60 1 258,12
251,4 1 250,54
58,54 2 59,52
139,1 1 138,54
5,57 2 6,54
146,52 2 147,54
199,12 2 258,12
182,4 1 181,48
133,54 2 141,100
52,1 1 51,3
96,54 7 102,54
245,104 1 244,105
257,60 1 256,5
253,104 1 252,105
82,59 1 81,4
44,9 1 43,4
126,60 1 125,279
93,1 1 85,54
121,60 1 109,5
127,279 1 45,8
151,1 1 144,54
250,54 5 210,54
160,3 1 159,1
41,54 2 42,52
198,60 1 189,279
129,12 1 14,100
163,54 5 144,54
45,8 1 44,9
250,54 4 231,54
152,2 1 151,1
65,4 1 64,52
97,4 1 96,54
241,54 1 240,54
120,5 1 119,4
255,4 1 254,7
205,100 2 257,60
118,54 5 85,54
86,54 4 74,54
45,8 1 40,59
2,54 2 259,60
74,54 2 79,62
110,54 2 115,62
65,4 1 63,54
257,60 1 248,5
109,5 2 120,5
209,57 1 208,54
6,54 2 14,100
164,4 1 162,52
112,52 2 113,48
193,54 1 190,54
164,4 1 161,54
143,57 1 142,54
31,3 1 30,4
228,1 1 210,54
108,4 1 107,54
110,54 7 118,54
30,4 1 29,48
145,54 5 138,54
95,54 7 102,54
234,104 1 233,105
93,1 1 84,57
116,54 1 110,54
76,52 2 77,48
233,105 1 232,4
39,4 1 35,52
187,5 1 186,4
40,59 2 44,9
236,4 1 235,7
129,12 1 128,60
116,54 1 115,62
195,7 1 193,54
127,279 1 126,60
199,12 1 132,57
128,60 1 25,2
61,4 1 59,52
161,54 5 155,54
210,54 2 227,3
185,7 1 184,104
174,54 1 173,54
128,60 1 127,279
189,279 1 170,8
36,54 2 37,52
257,60 1 237,5
172,52 2 173,54
227,3 1 226,4
66,9 1 65,4
229,2 2 237,5
111,54 7 118,54
68,54 2 71,62
80,54 1 74,54
226,4 1 225,60
254,7 1 249,54
143,57 2 144,54
260,108 1 259,60
45,8 2 126,60
170,8 2 188,60
191,52 2 192,54
24,1 1 23,3
212,4 1 211,48
243,4 1 242,48
119,4 1 116,54
123,280 1 122,67
176,54 5 138,54
261,0 1 260,108
54,54 5 48,54
166,52 2 167,54
7,54 2 8,62
197,5 1 196,4
151,1 1 143,57
105,4 1 102,54
228,1 1 227,3
228,1 1 209,57
67,8 2 124,60
198,60 1 197,5
54,54 2 55,52
21,54 1 19,52
70,4 1 69,54
258,12 1 205,100
81,4 1 80,54
107,54 1 101,54
124,60 1 123,280
239,52 2 240,54
174,54 2 184,104
189,279 2 197,5
16,57 1 15,54
185,7 1 174,54
27,57 2 28,54
? 1 e/Bubblesort.cs

