152,54 2 165,100
118,54 2 137,104
127,52 2 134,54
70,4 1 68,52
22,52 2 23,54
26,1 1 21,54
267,54 5 243,54
4,57 1 3,54
135,4 1 134,54
240,2 2 262,2
97,59 2 101,9
180,59 2 184,9
145,279 1 144,60
170,2 2 202,279
183,4 1 182,52
100,4 1 98,54
96,4 1 94,52
14,57 1 13,53
263,54 2 270,104
215,54 2 216,100
140,5 1 139,4
102,8 1 97,59
296,60 1 273,5
174,4 1 173,48
105,4 1 104,54
33,4 1 32,54
198,7 1 186,54
117,59 2 142,67
141,60 1 140,5
5,54 2 18,100
18,100 1 11,101
212,12 2 297,12
2,299 1 0,150
129,54 2 130,52
85,52 2 86,48
91,54 2 92,52
52,101 2 57,101
128,54 2 133,62
88,3 1 87,4
40,5 1 39,4
45,54 2 58,100
259,4 1 258,283
298,0 1 2,299
77,4 1 72,54
157,54 1 155,54
207,104 1 206,105
266,105 2 269,105
66,2 1 65,1
20,57 2 21,54
154,57 1 153,54
62,1 2 65,1
56,1 1 54,57
225,4 1 224,48
286,54 4 267,54
211,60 1 202,279
247,104 1 246,105
165,100 2 211,60
102,8 1 88,3
268,4 1 267,54
236,60 1 229,4
58,100 1 57,101
47,57 1 46,54
227,4 2 229,4
270,104 1 266,105
212,12 1 211,60
10,1 1 8,57
290,7 1 282,54
179,4 1 176,54
259,4 1 249,52
89,54 2 90,52
109,54 2 114,62
248,283 1 247,104
176,54 2 177,52
212,12 1 165,100
176,54 5 168,54
17,101 1 16,1
8,57 1 7,53
103,54 2 106,62
218,57 1 217,54
14,57 2 15,54
116,4 1 115,54
139,4 1 138,7
242,57 1 241,54
42,12 1 4,57
229,4 2 231,4
41,60 1 27,2
221,54 1 220,62
193,62 1 192,4
258,283 1 257,104
199,4 1 198,7
44,57 2 45,54
154,57 2 157,54
66,2 2 147,279
294,4 1 293,48
124,54 1 120,54
67,54 2 68,52
96,4 1 92,52
161,57 2 162,54
16,1 1 15,54
111,52 2 112,48
167,57 1 166,54
81,4 1 79,54
122,4 1 121,54
102,8 2 144,60
233,4 2 235,4
149,12 1 45,54
149,12 1 44,57
77,4 1 74,54
98,54 2 99,52
264,54 5 219,54
149,12 1 148,60
75,52 2 76,48
197,104 1 196,105
185,8 2 201,60
146,60 1 145,279
143,280 1 117,59
298,0 1 212,12
113,4 1 112,48
237,4 1 236,60
238,3 1 237,4
90,52 2 91,54
296,60 1 292,5
84,54 2 85,52
283,54 5 219,54
239,1 1 221,54
89,54 5 64,54
242,57 2 243,54
151,57 2 152,54
35,52 2 36,54
282,54 2 289,104
205,4 1 204,48
201,60 1 200,5
78,59 1 77,4
32,54 5 36,54
290,7 1 289,104
289,104 1 285,105
239,1 1 238,3
50,54 1 49,62
83,8 1 78,59
106,62 1 105,4
280,4 1 279,7
31,52 2 32,54
4,57 2 5,54
133,62 1 132,4
107,54 2 108,52
178,54 4 176,54
144,60 1 143,280
87,4 1 85,52
96,4 1 91,54
236,60 1 233,4
87,4 1 84,54
126,105 1 125,4
157,54 1 156,62
136,105 1 135,4
0,150 2 1,174
68,52 2 69,48
196,105 1 195,4
292,5 1 291,4
184,9 1 183,4
137,104 1 126,105
287,4 1 286,54
163,1 1 162,54
24,4 1 22,52
239,1 1 218,57
285,105 2 288,105
120,54 2 123,62
42,12 1 18,100
192,4 1 191,54
62,1 1 61,54
29,54 2 30,52
101,9 1 100,4
248,283 2 249,52
178,54 5 162,54
261,1 1 242,57
200,5 1 199,4
221,54 2 238,3
27,2 2 34,5
93,54 2 94,52
71,3 2 78,59
285,105 1 284,4
249,52 2 258,283
279,7 1 278,104
179,4 1 178,54
28,52 2 29,54
33,4 1 30,52
125,4 1 119,52
23,54 5 29,54
44,57 1 43,54
88,3 2 97,59
276,4 1 275,48
110,54 2 111,52
134,54 1 128,54
27,2 1 26,1
132,4 1 130,52
8,57 2 9,54
281,5 1 280,4
277,105 1 276,4
65,1 1 63,57
147,279 1 146,60
33,4 1 31,52
100,4 1 99,52
296,60 1 240,2
194,54 1 190,54
39,4 1 35,52
58,100 2 148,60
169,1 1 167,57
155,54 2 156,62
172,52 2 173,48
87,4 1 86,48
279,7 1 274,54
21,54 2 25,3
132,4 1 129,54
123,62 1 122,4
74,54 2 75,52
231,4 1 230,48
209,4 1 208,7
36,54 7 38,54
236,60 1 225,4
170,2 1 169,1
74,54 4 93,54
42,12 2 149,12
58,100 1 52,101
72,54 5 61,54
29,54 7 32,54
60,57 1 59,54
195,4 1 194,54
41,60 1 40,5
159,101 2 164,101
115,54 1 109,54
297,12 1 215,54
132,4 1 131,48
298,0 1 42,12
62,1 1 60,57
179,4 1 177,52
30,52 2 31,52
260,3 1 259,4
116,4 1 108,52
74,54 5 55,54
210,5 1 209,4
169,1 1 168,54
284,4 1 283,54
236,60 1 235,4
81,4 1 80,52
202,279 1 201,60
295,298 6 297,12
51,1 1 50,54
16,1 1 14,57
143,280 1 142,67
18,100 2 41,60
203,54 2 207,104
289,104 1 288,105
180,59 1 179,4
218,57 2 221,54
181,54 2 182,52
254,54 1 253,62
70,4 1 69,48
223,4 2 225,4
73,52 2 74,54
236,60 1 231,4
281,5 2 292,5
71,3 1 70,4
198,7 1 197,104
189,105 2 196,105
6,54 2 7,53
124,54 1 123,62
2,299 1 1,174
194,54 1 193,62
297,12 1 216,100
253,62 1 252,4
117,59 1 116,4
107,54 1 103,54
270,104 1 269,105
227,4 1 226,48
265,4 1 264,54
38,54 5 21,54
77,4 1 73,52
271,7 1 263,54
33,4 1 29,54
134,54 1 133,62
93,54 4 72,54
96,4 1 90,52
186,54 2 197,104
77,4 1 76,48
183,4 1 181,54
79,54 2 80,52
8,57 1 6,54
273,5 1 272,4
190,54 2 193,62
291,4 1 290,7
50,54 1 48,54
78,59 2 82,9
278,104 1 277,105
221,54 1 219,54
126,105 2 136,105
11,101 1 10,1
245,4 1 244,54
274,54 2 278,104
158,1 1 154,57
298,0 1 149,12
197,104 1 189,105
236,60 1 223,4
54,57 1 53,54
66,2 1 62,1
39,4 1 38,54
47,57 2 50,54
77,4 1 75,52
171,54 2 172,52
151,57 1 150,54
259,4 1 248,283
94,52 2 95,48
185,8 1 180,59
165,100 1 159,101
223,4 1 222,48
32,54 4 38,54
147,279 1 83,8
138,7 1 118,54
250,54 2 253,62
149,12 2 212,12
167,57 2 168,54
202,279 2 210,5
288,105 1 287,4
39,4 1 37,52
211,60 1 170,2
163,1 1 161,57
235,4 1 234,48
138,7 1 137,104
119,52 2 124,54
92,52 2 93,54
83,8 2 146,60
212,12 1 151,57
185,8 1 175,3
51,1 1 47,57
208,7 1 207,104
26,1 1 20,57
135,4 1 127,52
108,52 2 115,54
149,12 1 58,100
283,54 4 264,54
60,57 2 61,54
2,299 2 42,12
266,105 1 265,4
297,12 1 214,57
42,12 1 41,60
83,8 1 71,3
23,54 4 32,54
296,60 1 295,298
137,104 1 136,105
42,12 1 5,54
82,9 1 81,4
54,57 2 55,54
70,4 1 67,54
211,60 1 210,5
26,1 1 25,3
52,101 1 51,1
65,1 1 64,54
233,4 1 232,48
142,67 1 141,60
48,54 2 49,62
296,60 1 281,5
113,4 1 110,54
83,8 1 82,9
298,0 1 297,12
174,4 1 171,54
214,57 2 215,54
188,4 1 187,48
212,12 1 152,54
63,57 2 64,54
269,105 1 268,4
286,54 5 243,54
36,54 2 37,52
34,5 1 33,4
236,60 1 227,4
37,52 2 38,54
262,2 2 273,5
33,4 1 28,52
240,2 1 239,1
14,57 1 12,54
24,4 1 23,54
114,62 1 113,4
272,4 1 271,7
165,100 1 164,101
41,60 1 34,5
91,54 5 55,54
255,4 1 254,54
295,298 1 294,4
96,4 1 89,54
34,5 2 40,5
39,4 1 36,54
96,4 1 93,54
130,52 2 131,48
113,4 1 111,52
206,105 1 205,4
18,100 1 17,101
292,5 2 295,298
125,4 1 124,54
185,8 1 184,9
256,105 1 255,4
93,54 5 61,54
214,57 1 213,54
257,104 1 256,105
145,279 1 102,8
56,1 1 55,54
175,3 2 180,59
161,57 1 160,54
148,60 1 147,279
229,4 1 228,48
72,54 4 89,54
216,100 2 296,60
261,1 1 260,3
174,4 1 172,52
158,1 1 157,54
208,7 1 203,54
97,59 1 96,4
116,4 1 107,54
254,54 1 250,54
219,54 2 220,62
11,101 2 17,101
107,54 1 106,62
243,54 2 260,3
57,101 1 56,1
297,12 1 296,60
115,54 1 114,62
252,4 1 251,48
225,4 2 227,4
177,52 2 178,54
246,105 1 245,4
10,1 1 9,54
231,4 2 233,4
91,54 4 74,54
148,60 1 66,2
164,101 1 163,1
261,1 1 243,54
175,3 1 174,4
264,54 4 286,54
189,105 1 188,4
202,279 1 185,8
72,54 2 73,52
12,54 2 13,53
271,7 1 270,104
102,8 1 101,9
262,2 1 261,1
20,57 1 19,54
273,5 2 281,5
25,3 1 24,4
159,101 1 158,1
296,60 1 262,2
96,4 1 95,48
? 1 e/Bubblesort.c

