183,7 1 182,104
139,57 2 140,54
148,2 1 147,1
120,280 1 119,67
220,4 1 219,7
102,4 1 100,52
220,4 1 216,52
53,54 2 54,52
132,54 2 133,62
9,1 1 5,57
209,54 1 207,54
253,4 1 252,54
20,3 1 19,4
64,8 1 63,9
8,54 1 7,62
36,4 1 34,52
172,54 1 171,54
55,54 5 25,54
94,4 1 93,54
180,4 1 179,48
78,4 1 70,52
92,54 7 99,54
92,54 7 98,54
135,1 1 131,57
283,60 1 271,5
248,54 5 215,54
172,54 1 168,52
251,54 1 248,54
219,7 1 217,54
284,12 1 204,54
78,4 1 77,54
55,54 2 56,52
269,7 1 268,104
190,54 2 191,52
254,105 1 253,4
102,4 1 101,48
60,54 2 61,52
145,4 1 144,54
199,12 2 284,12
261,54 2 262,52
51,54 4 55,54
246,1 1 245,3
15,54 2 16,52
276,54 5 226,54
63,9 1 62,4
186,60 1 185,5
153,4 1 152,48
222,1 1 215,54
160,4 1 159,54
85,4 1 84,54
243,60 1 236,4
203,57 1 202,54
148,2 2 187,279
172,54 1 167,54
221,3 1 220,4
89,3 1 88,4
75,4 1 73,52
284,12 1 201,314
91,2 2 106,5
77,54 1 71,54
38,54 2 39,52
238,4 2 240,4
104,54 1 103,62
113,54 1 112,62
44,57 2 45,54
24,57 1 23,54
159,54 4 157,54
252,54 5 226,54
187,279 2 197,5
273,52 2 274,54
164,4 1 162,52
193,54 1 191,52
41,9 1 40,4
27,4 1 26,48
144,54 1 141,54
21,1 1 13,57
36,4 1 31,54
284,12 1 212,100
40,4 1 38,54
22,2 2 124,279
79,59 2 119,67
198,60 1 148,2
126,12 1 3,54
42,8 1 41,9
245,3 1 244,4
88,4 1 87,54
75,4 1 72,54
225,57 1 224,54
140,54 2 146,3
68,62 1 67,4
285,60 1 199,12
284,12 1 203,57
126,12 1 2,57
189,52 2 190,54
22,2 1 21,1
64,8 2 121,60
62,4 1 60,54
51,54 2 52,52
59,59 2 63,9
247,2 1 246,1
126,12 1 11,100
258,5 2 271,5
125,60 1 22,2
167,54 2 168,52
157,54 2 158,52
242,4 1 241,48
108,54 2 109,52
78,4 1 69,54
5,57 2 8,54
96,54 7 99,54
31,54 2 32,52
230,4 1 229,48
264,54 1 263,54
96,54 2 97,52
279,104 1 278,105
272,54 5 215,54
58,4 1 55,54
55,54 4 31,54
93,54 7 98,54
62,4 1 61,52
3,54 2 11,100
258,5 1 257,4
36,4 1 32,52
234,4 2 236,4
283,60 1 282,5
118,60 1 117,5
264,54 1 261,54
99,54 2 100,52
206,57 1 205,54
272,54 4 248,54
113,54 2 114,52
248,54 2 249,52
72,54 2 73,52
259,54 2 260,52
139,57 1 138,54
201,314 2 203,57
135,1 1 134,54
126,12 2 199,12
243,60 1 230,4
219,7 1 218,104
79,59 1 78,4
246,1 1 225,57
210,1 1 209,54
105,4 1 96,54
97,52 2 104,54
50,3 1 49,1
151,54 2 154,3
147,1 1 139,57
195,7 1 194,104
76,62 1 75,4
287,0 1 286,108
281,4 1 280,7
182,104 1 181,105
214,57 2 215,54
164,4 1 163,54
104,54 1 98,54
96,54 7 98,54
71,54 2 76,62
69,54 2 70,52
172,54 2 182,104
275,54 1 274,54
232,4 2 234,4
150,57 1 149,54
187,279 1 186,60
11,100 2 125,60
93,54 7 99,54
155,1 1 154,3
156,3 2 161,59
282,5 1 281,4
18,54 1 16,52
29,1 1 28,3
116,4 1 113,54
277,4 1 276,54
144,54 1 143,54
37,59 2 41,9
184,4 1 183,7
53,54 5 14,54
96,54 1 95,62
136,101 1 135,1
267,105 1 266,4
284,12 1 283,60
105,4 1 104,54
272,54 2 273,52
58,4 1 57,48
96,54 1 92,54
275,54 1 273,52
193,54 2 194,104
125,60 1 124,279
166,8 1 156,3
177,54 1 173,54
128,57 1 127,54
118,60 1 91,2
166,8 1 161,59
95,62 1 94,4
65,54 2 68,62
280,7 1 275,54
128,57 2 129,54
275,54 2 279,104
108,54 7 115,54
122,279 1 121,60
2,57 1 1,54
93,54 7 104,54
142,52 2 143,54
285,60 1 284,12
180,4 1 178,52
248,54 4 276,54
161,59 1 160,4
118,60 1 106,5
24,57 2 25,54
81,57 1 80,54
56,52 2 57,48
175,4 1 174,54
188,54 2 189,52
147,1 1 146,3
0,54 2 285,60
124,279 1 123,60
31,54 5 25,54
48,3 1 47,4
52,52 2 53,54
166,8 1 165,9
31,54 4 53,54
83,54 2 86,62
240,4 1 239,48
58,4 1 52,52
166,8 2 186,60
92,54 7 104,54
210,1 1 206,57
249,52 2 250,54
216,52 2 219,7
131,57 1 130,54
8,54 1 6,54
191,52 2 192,54
199,12 1 198,60
276,54 4 252,54
134,54 1 132,54
212,100 1 211,101
59,59 1 58,4
28,3 1 27,4
42,8 2 123,60
51,54 5 45,54
165,9 1 164,4
111,4 1 110,48
9,1 1 8,54
155,1 1 151,54
238,4 1 237,48
120,280 1 79,59
75,4 1 74,48
58,4 1 53,54
172,54 1 169,54
286,108 1 285,60
129,54 2 137,100
160,4 1 158,52
87,54 1 83,54
86,62 1 85,4
243,60 1 242,4
33,54 4 115,54
49,1 1 44,57
228,54 2 245,3
193,54 1 188,54
236,4 2 238,4
243,60 1 238,4
234,4 1 233,48
91,2 1 90,1
251,54 2 255,104
255,104 1 254,105
278,105 1 277,4
275,54 1 272,54
33,54 5 14,54
134,54 1 133,62
162,52 2 163,54
67,4 1 66,54
193,54 1 192,54
203,57 2 204,54
199,12 1 128,57
204,54 2 212,100
37,59 1 36,4
18,54 1 15,54
126,12 1 125,60
256,7 1 255,104
198,60 1 197,5
36,4 1 33,54
70,52 2 77,54
156,3 1 155,1
53,54 4 33,54
29,1 1 25,54
115,54 5 82,54
207,54 2 208,62
10,101 1 9,1
117,5 1 116,4
154,3 1 153,4
283,60 1 258,5
105,4 1 97,52
286,108 1 0,54
196,4 1 195,7
121,60 1 120,280
280,7 1 279,104
198,60 1 187,279
54,52 2 55,54
113,54 7 115,54
243,60 1 234,4
283,60 1 247,2
58,4 1 51,54
141,54 2 142,52
21,1 1 20,3
34,52 2 35,48
215,54 2 221,3
131,57 2 134,54
77,54 1 76,62
111,4 1 108,54
212,100 2 283,60
49,1 1 48,3
116,4 1 115,54
6,54 2 7,62
11,100 1 10,101
160,4 1 157,54
173,54 2 176,62
223,2 1 222,1
150,57 2 151,54
119,67 1 118,60
109,52 2 110,48
58,4 1 54,52
90,1 1 82,54
96,54 7 104,54
92,54 2 95,62
49,1 1 45,54
251,54 1 249,52
122,279 1 64,8
260,52 2 261,54
177,54 1 176,62
58,4 1 56,52
170,52 2 171,54
230,4 2 232,4
251,54 1 250,54
82,54 2 89,3
159,54 5 140,54
247,2 2 258,5
285,60 1 126,12
87,54 1 86,62
169,54 2 170,52
144,54 1 142,52
21,1 1 14,54
226,54 2 227,62
124,279 1 42,8
172,54 1 170,52
187,279 1 166,8
199,12 1 129,54
217,54 2 218,104
214,57 1 213,54
18,54 1 17,54
270,4 1 269,7
90,1 1 89,3
183,7 1 172,54
100,52 2 101,48
123,60 1 122,279
185,5 1 184,4
90,1 1 81,57
102,4 1 99,54
13,57 1 12,54
64,8 1 59,59
195,7 1 193,54
116,4 1 114,52
106,5 2 117,5
161,59 2 165,9
103,62 1 102,4
193,54 1 190,54
137,100 1 136,101
33,54 2 34,52
146,3 1 145,4
197,5 1 196,4
113,54 1 107,54
211,101 1 210,1
158,52 2 159,54
112,62 1 111,4
106,5 1 105,4
50,3 2 59,59
29,1 1 24,57
155,1 1 150,57
5,57 1 4,54
262,52 2 263,54
266,4 1 265,48
193,54 1 189,52
222,1 1 221,3
199,12 1 137,100
25,54 2 28,3
157,54 5 151,54
264,54 1 262,52
30,3 1 29,1
257,4 1 256,7
44,57 1 43,54
147,1 1 140,54
30,3 2 37,59
36,4 1 35,48
73,52 2 74,48
19,4 1 18,54
240,4 2 242,4
69,54 1 65,54
47,4 1 46,48
264,54 1 260,52
42,8 1 37,59
40,4 1 39,52
228,54 1 226,54
178,52 2 179,48
243,60 1 240,4
232,4 1 231,48
114,52 2 115,54
176,62 1 175,4
45,54 2 48,3
180,4 1 177,54
222,1 1 214,57
271,5 2 282,5
206,57 2 209,54
268,104 1 267,105
283,60 1 223,2
32,52 2 33,54
225,57 2 228,54
42,8 1 30,3
244,4 1 243,60
69,54 1 68,62
284,12 1 200,314
111,4 1 109,52
107,54 7 115,54
2,57 2 3,54
137,100 2 198,60
16,52 2 17,54
177,54 2 178,52
64,8 1 50,3
168,52 2 169,54
13,57 2 14,54
14,54 2 20,3
243,60 1 232,4
223,2 2 247,2
228,54 1 227,62
246,1 1 228,54
264,54 1 259,54
209,54 1 208,62
81,57 2 82,54
107,54 2 112,62
271,5 1 270,4
98,54 2 103,62
236,4 1 235,48
264,54 2 268,104
269,7 1 264,54
200,314 2 201,314
181,105 1 180,4
256,7 1 251,54
? 1 e/Bubblesort.java

